[gd_scene load_steps=12 format=3 uid="uid://0u10cgpxhlft"]

[ext_resource type="Script" uid="uid://jjhedjijysii" path="res://map_generation/World.cs" id="1_vdpkr"]
[ext_resource type="Material" uid="uid://b8kwrx0bwxsks" path="res://resources/shaders/DirtWithGrassMaterial.tres" id="2_qhmyd"]
[ext_resource type="PackedScene" uid="uid://cggqb75a8w8r" path="res://addons/debug_menu/debug_menu.tscn" id="3_ggvqs"]
[ext_resource type="PackedScene" uid="uid://i888mvag6wjg" path="res://common/InputCapture/PlaneMouseCapture.tscn" id="4_bk67d"]
[ext_resource type="PackedScene" uid="uid://esxnxo61jdal" path="res://common/InputCapture/line_drawing.tscn" id="5_cfn36"]
[ext_resource type="PackedScene" uid="uid://ca5y0iky063wy" path="res://map_generation/terrain_unit/TerrainUnit.tscn" id="6_i25bl"]

[sub_resource type="ProceduralSkyMaterial" id="ProceduralSkyMaterial_qhmyd"]
sky_horizon_color = Color(0.662243, 0.671743, 0.686743, 1)
ground_horizon_color = Color(0.662243, 0.671743, 0.686743, 1)

[sub_resource type="Sky" id="Sky_ggvqs"]
sky_material = SubResource("ProceduralSkyMaterial_qhmyd")

[sub_resource type="Environment" id="Environment_bk67d"]
background_mode = 2
sky = SubResource("Sky_ggvqs")
ambient_light_source = 2
tonemap_mode = 2
glow_enabled = true

[sub_resource type="SphereMesh" id="SphereMesh_ggvqs"]
radius = 1.033
height = 1.795

[sub_resource type="Curve3D" id="Curve3D_ggvqs"]

[node name="World" type="Node3D"]
script = ExtResource("1_vdpkr")
terrainUnitScene = ExtResource("6_i25bl")

[node name="envo" type="Node3D" parent="."]

[node name="DirectionalLight3D" type="DirectionalLight3D" parent="envo"]
light_energy = 0.5
shadow_enabled = true

[node name="DirectionalLight3D4" type="DirectionalLight3D" parent="envo"]
transform = Transform3D(0.810042, -0.266207, 0.522462, 0, 0.891007, 0.453991, -0.586372, -0.367751, 0.721752, 0, 0, 0)
light_energy = 0.5
shadow_enabled = true

[node name="DirectionalLight3D2" type="DirectionalLight3D" parent="envo"]
transform = Transform3D(-0.5373, -0.260622, 0.802113, 0, 0.951057, 0.309017, -0.843391, 0.166035, -0.511002, 0, 0, 0)
light_energy = 0.198

[node name="DirectionalLight3D3" type="DirectionalLight3D" parent="envo"]
transform = Transform3D(0.596225, -0.12005, -0.793791, 0, -0.988756, 0.149535, -0.802817, -0.0891567, -0.589521, 0, 0, 0)
light_energy = 0.198

[node name="WorldEnvironment" type="WorldEnvironment" parent="envo"]
environment = SubResource("Environment_bk67d")

[node name="container" type="MeshInstance3D" parent="."]
transform = Transform3D(1, 0, 0, 0, 1, 0, 0, 0, 1, -9.75646, 0, 0)
material_override = ExtResource("2_qhmyd")
mesh = SubResource("SphereMesh_ggvqs")

[node name="ExplodeTimer" type="Timer" parent="."]
wait_time = 0.1
autostart = true

[node name="wireframeContainer" type="MeshInstance3D" parent="."]
transform = Transform3D(1, 0, 0, 0, 1, 0, 0, 0, 1, -9.25254, 0, 0.000711441)

[node name="CanvasLayer" parent="." instance=ExtResource("3_ggvqs")]

[node name="Camera3D" type="Camera3D" parent="."]
transform = Transform3D(1, 0, 0, 0, 1, 0, 0, 0, 1, 7.65388, 39.4197, 67.1918)

[node name="Path3D" type="Path3D" parent="."]
curve = SubResource("Curve3D_ggvqs")

[node name="PlaneMouseCapture" parent="." node_paths=PackedStringArray("camera") instance=ExtResource("4_bk67d")]
camera = NodePath("../Camera3D")

[node name="LineDrawing" parent="." node_paths=PackedStringArray("planeMouseScene") instance=ExtResource("5_cfn36")]
transform = Transform3D(1, 0, 0, 0, 1, 0, 0, 0, 1, -9.62833, 0, 0)
planeMouseScene = NodePath("../PlaneMouseCapture")
